[Settings]
singleShot=1
delay=0.016000
angle=6.283184
particlesEmitted=50
minSpeed=0.610000
minSize=0.000000
minLife=0.000000
maxSpeed=3.740000
maxSize=0.021950
maxLife=0.130000
startColor=1.000000,1.000000,0.000000,1.000000
endColor=0.323529,1.000000,0.000000,1.000000
accel=0.000000,0.010000,0.000000
dir=0.000000,1.000000,0.000000

