[Settings]
singleShot=1
delay=0.016000
angle=0.600000
particlesEmitted=70
minSpeed=0.000000
minSize=0.000000
minLife=0.000000
maxSpeed=2.400000
maxSize=0.050000
maxLife=0.120000
startColor=1.000000,0.850980,0.000000,0.698039
endColor=1.000000,0.000000,0.000000,0.674510
accel=0.000000,0.000000,0.000000
dir=-0.450000,1.050000,0.000000

