[Settings]
lifeTime=1.000000
minSize=0.000000
infiniteLifeTime=1
delay=0.060000
angle=6.283184
particlesEmitted=18
minSpeed=0.000000
minLife=0.100000
maxSpeed=0.040000
maxSize=0.010430
maxLife=0.570000
startColor=0.274510,0.274510,0.274510,0.392157
endColor=1.000000,1.000000,1.000000,0.333333
accel=0.000000,0.140000,0.000000

