[Settings]
lifeTime=1.000000
minSize=0.000000
infiniteLifeTime=1
delay=0.122000
angle=6.283184
particlesEmitted=15
minSpeed=0.000000
minLife=0.000000
maxSpeed=0.460000
maxSize=0.006190
maxLife=5.000000
startColor=0.000000,0.235294,1.000000,0.698039
endColor=0.000000,1.000000,0.970588,0.674510
accel=0.020000,0.030000,0.000000

