[Settings]
singleShot=0
minSize=0.000000
delay=0.166000
angle=0.600000
particlesEmitted=611
minSpeed=0.000000
minLife=0.000000
maxSpeed=2.400000
maxSize=0.003900
maxLife=0.190000
startColor=1.000000,0.850980,0.000000,0.698039
endColor=1.000000,0.000000,0.000000,0.674510
accel=0.000000,0.000000,0.000000
dir=-0.450000,1.050000,0.000000

