[LaunchSettings]
fullscreen=0
monitor=1
window_size=1533.000000,657.000000